SCMBranch=PM-Upgrade
SCMRepository=Logic2020, Inc./Practice Management/DotNet/PracticeManagement/PracticeManagement/Images
SCMMainlineUUID={a1c07593-79b6-4006-b166-943b5b32a622}
SCMBranchRepositoryID=5837
accepted_16.png;623792792;1;1479287606;
add-btn-clients.png;11849876;1;1479287606;
add-btn-expense.png;4025121424;1;1479287606;
add-btn-group.png;2946187552;1;1479287607;
add-btn-milestone.png;167526505;1;1479287607;
add-btn-oportunity.png;1210437481;1;1479287607;
add-btn-overhead.png;2905614804;1;1479287607;
add-btn-person.png;2274938524;1;1479287607;
add-btn-project.png;2257037299;1;1479287607;
add-btn.png;3655794656;1;1479287607;
add-project.png;2638151337;1;1479287607;
add_16.png;2604252552;1;1479287607;
add_24.png;3652921525;1;1479287607;
ajax-loader.gif;3929705620;1;1479287607;
alert_Icon.png;3232184143;1;1479287607;
arrow-down.png;3259223913;1;1479287607;
arrow-First.png;2767124861;1;1479287607;
arrow-Last.png;3165346386;1;1479287607;
arrow-Next.png;334171019;1;1479287607;
arrow-Previous.png;3997488849;1;1479287607;
arrow-up.png;1453263734;1;1479287607;
arrow_16x16.png;3541481589;1;1479287607;
asc.gif;2307589682;1;1479287607;
balloon-ellipsis.png;2524457863;1;1479287607;
balloon-plus.png;2464421861;1;1479287608;
bg.gif;3878708702;1;1479287608;
bg_corpnav_bottom.png;3457752351;1;1479287608;
bg_corpnav_mid.png;2408983539;1;1479287608;
bg_corpnav_top.png;2486340076;1;1479287608;
body-bg.png;1133182828;1;1479287608;
body-bg2.png;1281203131;1;1479287608;
bottom-shadow.png;3087562089;1;1479287608;
button-add-group.png;2784898882;1;1479287608;
button-add.png;3901100953;1;1479287608;
button-plus.png;2666293559;1;1479287608;
calendar.gif;3725049524;1;1479287608;
close_16.png;2676426801;1;1479287608;
close_24.png;134261785;1;1479287608;
close_inactive16.png;43509983;1;1479287609;
collapse.jpg;4048101082;1;1479287609;
collapse.png;626640711;1;1479287609;
copy.png;1140445482;1;1479287609;
cp-header-bg.png;2191788985;1;1479287609;
cp-header-bg_45.png;3855329615;1;1479287609;
cp-header-bg_new.png;1233477920;1;1479287609;
cp-header-div.png;1422047336;1;1479287609;
cross_icon.png;2945600429;1;1479287609;
CSATCalculation.png;2660724120;1;1479287609;
CSATCalculationPanel.jpg;1176675841;1;1479287610;
CSATCalculationPanel.png;3257800816;1;1479287610;
custom-logo.png;3037744656;1;1479287610;
declined_16.png;1130552894;1;1479287610;
desc.gif;137486518;1;1479287610;
details_16.png;2063806461;1;1479287610;
divisions_16x16.png;4004679112;1;1479287610;
Dropdown_Arrow.png;3201961555;1;1479287612;
Dropdown_Arrow_22.png;1703375759;1;1479287612;
edit.png;1017819314;1;1479287612;
edit2_16.png;193384293;1;1479287612;
edit_16.png;291329192;1;1479287612;
email_envelope.png;3379861146;1;1479287612;
expand.jpg;1547864408;1;1479287612;
favicon.ico;3682062625;1;1479287612;
favicon_new.ico;1532254285;1;1479287612;
footer-bg-left.png;3811797148;1;1479287612;
footer-bg-right.png;1839657703;1;1479287612;
footer-bg.png;255257519;1;1479287612;
grayedArrow-First.png;2192765467;1;1479287612;
grayedArrow-Last.png;913298392;1;1479287612;
grayedArrow-Next.png;1459843632;1;1479287612;
grayedArrow-Previous.png;1783347534;1;1479287612;
hint.png;2723931226;1;1479287612;
hint1.png;1520456739;1;1479287612;
holder-bg.png;4265051102;1;1479287612;
icon-check.png;2555309745;1;1479287612;
icon-delete.png;2130412897;1;1479287612;
icon-edit.png;2826148548;1;1479287612;
link.png;1258086244;1;1479287612;
loading.gif;1445945747;1;1479287612;
logic2020.png;4121762226;1;1479287612;
logic2020_logo.gif;3570882069;1;1479287612;
logic2020_New.png;3834932475;1;1479287612;
logo.gif;4199031070;1;1479287612;
logo_logic.png;1391094766;1;1479287612;
logo_logic_New.png;3019780811;1;1479287613;
mini-close.gif;4126392007;1;1479287613;
mini-close.png;2791418484;1;1479287614;
MinusIcon.png;1190884451;1;1479287614;
modal-close.png;4068793877;1;1479287614;
next.gif;1219108216;1;1479287614;
no.png;839873408;1;1479287614;
Non-Billable-Icon.png;2804916654;1;1479287614;
Not_recursive.png;2497784254;1;1479287614;
notes.png;3491916698;1;1479287614;
notes_optional.png;1022271462;1;1479287614;
notes_required.png;4231988324;1;1479287614;
Offshore_Icon.png;2830643818;1;1479287614;
p-scroll-bg.png;225494126;1;1479287614;
page-scroll-arrows-bg.png;2661596071;1;1479287615;
pending_16.png;4066169281;1;1479287615;
People_icon.png;708307366;1;1479287615;
People_Icon_Large.png;1958658806;1;1479287615;
PlusIcon.png;442172229;1;1479287615;
previous.gif;2030128340;1;1479287615;
printer.png;3296127030;1;1479287615;
Profile-16x16.png;2127237580;1;1479287615;
project-indicator.png;2449116424;2;1479287615;
Recursive.png;4048161281;1;1479287615;
right_icon.png;4181609656;1;1479287615;
save24.png;3732517689;1;1479287615;
saveToDisk.png;1412261077;1;1479287615;
search_24.png;2249793606;1;1479287615;
search_filter.png;3861429838;1;1479287615;
Sigma-9x10.png;2600888116;1;1479287615;
Skill_2.png;644659923;1;1479287615;
sort-arrow.png;3237620511;1;1479287615;
SortAsc.GIF;1303491859;1;1479287615;
SortDesc.GIF;2054302450;1;1479287616;
Strawman.png;2781386564;1;1479287616;
StrawMan_Large.png;3132784015;1;1479287616;
Team_Icon.jpg;2758507046;1;1479287617;
Terminated.png;3566447146;1;1479287617;
Title.png;4150664086;1;1479287617;
top-menu-bg-h-25.png;544986443;1;1479287617;
top-menu-bg-h-40.png;1455858360;1;1479287617;
top-menu-bg-h-50.png;1884126761;1;1479287617;
top-menu-bg.png;2439283695;1;1479287617;
top-shadow-left.png;1983355900;1;1479287617;
top-shadow-right.png;1491483129;1;1479287617;
top-shadow.png;3095456242;1;1479287617;
Transparent.png;3632528002;1;1479287617;
trash-icon-Large.png;560562726;1;1479287617;
trash-icon.gif;1861705057;1;1479287617;
tt-bbor.png;2538479058;1;1479287617;
tt-lb.png;3682152635;1;1479287617;
tt-lbor.png;1045862793;1;1479287617;
tt-lt.png;2148166736;1;1479287617;
tt-rb.png;4151494710;1;1479287617;
tt-rbor.png;1786374286;1;1479287617;
tt-rt.png;1724895040;1;1479287617;
tt-tail.png;2305698252;1;1479287617;
tt-tbor.png;2834594829;1;1479287617;
Unsorted.gif;4156639022;1;1479287617;
warning_16.png;3215827521;1;1479287617;
wrapper-bg.png;2396214710;1;1479287617;
wrapper-left-bg-wide.png;794796625;1;1479287617;
wrapper-right-bg-20.png;3784406122;1;1479287617;
yes.png;3723268122;1;1479287617;
Zoom-In-icon.png;1837196419;1;1479287618;
budget_change_icon.jpg;543543127;1;1479373884;
resource_add_icon.png;3347993116;1;1479365399;
FF_Revenue_Schedule.png;933406009;1;1479810549;
RtP_Comp_Icon.png;2447054287;1;1506500432;
